0.4797206	-0.488996
-0.5763443	-0.7046088
-0.4821608	1.269543
-0.2030215	-0.4825574
0.2165827	0.1918337
-0.2012207	0.05799867
0.4298087	-1.55401
0.04884493	-0.7044838
-0.2180772	2.584451
0.5222697	0.0508387
-0.01575415	0.2463026
-0.3057483	-0.4440163
0.3061468	-0.1590173
0.04383465	0.41992
0.492432	-0.4791557
-0.2565092	2.236157
-0.1525047	-0.4974196
0.3827704	0.1262177
0.4499099	-0.7201151
-0.5669082	-1.1385
0.7098236	-0.2391939
-0.1460357	0.59313
0.04334502	-1.193377
-0.3888763	-0.3330699
0.06457214	0.8458375
0.02114411	0.7133262
-0.2306309	-0.867122
-0.0747297	1.037259
-0.3448596	-1.10882
0.08186971	1.472249
-0.1738586	-0.682722
-0.4131246	0.4541084
-0.5377176	1.338469
0.07621027	-0.1007656
0.1019103	0.0514675
-0.08812555	-0.4519945
0.2787491	0.9694697
-0.1017344	-0.6499961
-0.1063424	-0.3227635
-0.01300082	-0.6623123
0.2599347	-1.427348
-0.03946204	-0.1931238
-0.07198077	-1.691743
-0.0185416	0.344536
0.275376	1.894324
0.4173441	-0.7594237
-0.009881333	-0.194974
0.181813	-0.4383477
-0.2240058	-0.6241921
0.2005438	-0.4262468
0.01029624	-1.681671
-0.1535642	-0.1097782
-0.1353367	0.7004804
-0.09442325	0.7330777
0.2545009	1.655532
-0.7546163	-0.2732359
-0.004000108	-0.9393369
0.06284761	0.51725
0.4972936	-1.091654
-0.4465181	0.6956548
0.6163006	0.9610532
-0.3546229	2.794029
0.2064695	-0.1708645
0.1914227	0.4173508
-0.005854549	1.512182
0.4280762	0.0388938
-0.2656891	0.6950121
0.06633065	-0.3701317
0.09737586	0.3929913
0.5295568	0.7848254
-0.1614988	-0.2486825
-0.08820585	-0.2298594
0.1214647	1.851404
-0.01053939	-0.9073843
0.3243308	0.1129617
0.1839212	0.3410366
-0.2550231	-0.3976632
0.05298014	-1.302322
0.04292533	-0.2510956
-0.1088472	-0.7064637
-0.5450728	-1.302868
-0.0938482	0.1424309
-0.2486015	-1.039996
-0.1208107	1.087984
0.3605481	-0.6398906
0.155678	-0.5396867
0.09303034	-0.1980518
-0.0610475	-0.35273
0.02439738	-0.2251065
-0.05263187	1.263319
-0.1348358	-0.1110432
-0.03573426	0.8987875
-0.2858669	-2.344999
-0.5765792	-1.1069
-0.4294046	-0.02432175
0.2583965	0.8989027
0.1251647	0.6423665
0.03982589	0.09887469
0.619122	0.8351951
0.2021106	2.496852
-0.1607412	-0.6682627
-0.1402091	-1.081162
0.1497142	-1.05503
0.3859178	-1.221467
-0.1694456	0.9844437
-0.04706228	0.5049059
0.1749992	1.632512
0.07578785	0.923085
0.1424569	-0.8033533
-0.5375331	0.7542153
0.1083374	0.4282357
-0.06326828	-0.8817198
0.09982316	0.1247418
0.3809565	-0.08934646
-0.1029634	0.2811307
0.3265561	1.07721
-0.3762848	0.05072293
0.09743893	-1.000481
0.003142318	0.03398415
-0.2215789	-0.5921194
0.3833359	0.3833186
-0.1957256	0.5094626
0.2499381	-1.016401
0.06576351	1.81406
0.130127	-0.3719471
-0.450524	-0.7283721
-0.1071683	-0.05830763
0.1978496	0.04761993
-0.6099211	0.2151349
-0.06578391	0.9192295
0.4972257	-0.04719427
-0.2381699	1.381109
-0.1003121	0.5265073
-0.003881747	0.8286336
0.1417966	-0.7675295
-0.2417235	-0.5327097
0.1764191	-0.5627593
-0.5509542	-0.2333145
-0.3486418	1.136501
-0.03778505	-2.352033
0.106178	-0.7368782
0.2295438	-0.09125013
0.4942261	-0.5678859
-0.4378374	0.4566701
-0.03299338	0.689899
0.1611302	-0.1124143
-0.09119266	0.8828978
0.4833986	-0.3738016
-0.2362181	0.3367745
0.1131158	-0.5898967
0.615378	-1.274323
-0.04339537	-1.260857
-0.1042971	-0.110932
-0.2128985	-0.2331578
-0.01855478	1.506711
0.1118258	-0.007887827
-0.2867804	-0.7185567
0.3770088	-1.882606
0.1679387	-1.334707
0.01477563	0.0934568
0.004294431	0.3496315
-0.2553078	0.2965238
0.4842336	1.206135
-0.9813072	-1.780123
-0.0946279	0.6377704
-0.1116091	-0.0988723
-0.6982188	0.4989659
0.002595727	1.234763
-0.2042196	0.5008512
-0.358444	0.7750215
-0.1528494	-1.123412
0.07340269	-0.6804613
-0.1084378	-0.1834184
0.1150879	-1.164409
0.2108703	-1.011296
0.0006232241	-1.528832
-0.06922482	-1.682509
-0.1210308	-1.006716
0.1016594	-1.309847
0.2767495	-0.1455118
0.544666	1.053485
-0.8609292	-1.212627
-0.4253743	0.3210955
-0.2603993	-0.6346545
-0.2325206	0.1517829
0.6083929	-2.745462
0.2314517	-0.3333119
0.6495522	-0.7005695
-0.01638696	-1.267833
0.1589447	0.1615399
0.4013273	0.6449426
-0.0736577	-0.2971587
-0.1067096	0.4757733
0.01530498	1.308814
0.2389945	1.530362
-0.1477877	-1.578974
-0.1243498	0.6354393
-0.09164902	-0.7315038
0.0488532	1.592247
0.0724557	-1.138909
0.08110528	-0.2048104
0.1394193	0.4734524
0.3426202	0.4623031
-0.2868262	1.603752
-0.1729947	0.5301007
0.1800328	-0.5018981
0.08023972	0.1205951
-0.2410858	-0.8681461
0.1901961	-0.1906613
-0.06053884	1.179707
0.01661574	-0.04886502
0.3261939	1.776605
0.4353619	0.6450138
0.2917981	0.926937
-0.4880484	1.171354
0.3704496	1.258047
0.3227672	0.179491
-0.1975321	-0.5970337
0.2695608	0.5697758
0.4286281	1.127507
-0.3851136	0.6489239
-0.2388417	-2.168308
-0.04769127	-0.2857226
0.08089415	2.768824
-0.2087079	-0.3353548
0.3243859	-0.6673003
-0.06937767	-0.9442056
-0.07280724	-1.235307
-0.2006585	2.029447
0.05793159	0.1365784
0.03705667	0.6125786
-0.4122053	-0.5463958
-0.1116794	-2.244923
0.09176427	-0.3842576
-0.0365405	-1.495375
0.5108376	0.06627236
0.4271298	0.6831048
-0.1079995	0.01172822
-0.5721702	-0.8023271
0.30047	-0.8513746
-0.05059241	1.010949
-0.4977148	1.972658
-0.2278337	-0.6461896
0.3035299	-0.3813914
-0.08625536	0.7873446
-0.09971314	-0.8470083
-0.2199967	0.6509541
-0.2362566	0.4197336
0.4455494	-0.2189533
-0.07309618	-0.4585412
0.1524939	-0.2446994
-0.2841137	0.5216375
0.2266695	-2.029335
-0.457913	-0.02751442
0.1595065	-0.02413418
-0.1861358	0.1652395
0.4172465	-0.2149245
-0.167298	-0.9847196
0.1800916	-1.763162
-0.1955306	-0.527189
0.09875603	1.723915
-0.03511502	-0.9477886
0.4595616	-1.20789
0.04264275	-0.5347821
-0.4581697	0.5608049
0.1090599	0.5279578
0.4245917	-1.329463
-0.08843985	0.3564563
-0.06040335	0.3491796
0.2843056	-1.928564
-0.4593537	0.2140031
-0.2606573	0.2480434
0.5808684	-1.740931
0.3268609	1.306847
0.3044633	-1.967742
0.2810275	1.217936
0.3535129	-1.125545
-0.1712973	-0.7069063
0.3066219	0.6330661
-0.2244547	-1.594474
-0.1770226	-0.5885712
-0.259489	2.647869
0.200308	0.7162252
0.4155625	1.329076
-0.001701087	0.6522872
0.2766591	1.378309
-0.2363165	1.59599
-0.4720717	-0.1294269
0.06901796	-0.01707484
-0.04215686	-0.6055472
-0.2722534	0.1486404
0.2456511	0.9534258
0.2833052	-0.2985865
0.4058345	-1.252322
-0.3585634	-0.7531247
-0.4095854	-0.6348346
0.1723767	0.001714734
-0.3097121	1.023638
-0.3121801	-0.9442311
-0.390887	0.5723973
0.04617071	0.4133013
0.2857931	-0.6933741
-0.2382063	0.09342328
-0.2642728	0.675058
0.2349278	-0.2475245
-0.2786009	-0.07515523
-0.2899766	-0.0575498
0.5943992	0.1070422
-0.343553	-0.1303458
-0.5532405	0.8345832
0.2766877	-0.7197751
-0.08691057	-0.0881192
0.07457424	-1.815593
-0.1545096	-0.7103855
0.1489707	-0.01219023
-0.3488864	-0.3192002
-0.03846908	0.861638
-0.2416199	-1.635619
0.4943757	0.1993155
0.4104793	0.1599928
0.5760962	0.3921925
-0.3298662	0.1788702
0.3024049	-1.109575
0.24767	-0.04939176
-0.1716611	-0.0864484
-0.1912805	-1.072189
-0.4149869	1.308613
-0.08742482	0.9112239
-0.1115162	-1.399135
-0.2990187	1.661788
0.5426192	-1.473416
-0.2047679	0.5157363
-0.02475345	0.848729
0.5903951	-0.7920897
-0.356074	-2.621953
-0.2256472	-0.5704777
-0.1286841	-0.002333044
-0.3666426	-0.4441928
-0.3182051	0.03613508
-0.4459059	-0.4896339
-0.2373902	-1.180224
0.2541064	2.028773
0.5200227	0.4768967
0.06756775	0.9903857
-0.03850526	-0.7472234
-0.2298854	0.6762548
-0.2050301	-1.04006
0.1825493	-0.5033372
-0.0276844	-0.04980636
-0.2303196	1.863439
0.3116084	2.091855
-0.2227531	-0.9390939
0.3893955	0.136983
-0.2612342	-1.776851
0.2297226	-0.6280002
0.3924545	-0.0540584
-0.3592695	0.7217036
0.4821702	0.740171
0.07469659	0.7023455
-0.4457608	1.234239
-0.22068	0.4252263
-0.240434	-0.8735077
-0.5306752	-0.9689586
-0.174872	-0.4003473
0.08237595	0.3959736
0.3344723	0.5739685
-0.004194218	0.6247659
-0.007413027	-1.680122
-0.3798538	-0.7972524
-0.2276959	1.178143
-0.2616658	1.168923
-0.08285622	-0.06205659
0.4437165	0.2634733
0.1762804	1.134881
0.1765892	0.1102867
-0.2166181	-0.5888624
0.1094416	0.6260852
-0.4982763	0.6755311
0.1222364	0.5270614
0.4112682	-2.127281
0.7505115	1.038999
-0.2922513	-0.1843862
-0.09102691	-1.478231
-0.380449	0.533548
0.2325077	0.7690665
0.3749812	-0.1298667
0.225922	0.05512206
-0.1620505	-0.559066
-0.2135052	1.271499
0.2516566	0.4397995
-0.6199503	0.5348715
-0.05823138	1.060898
-0.03913495	-0.4204899
-0.03089498	-0.0003120882
0.1408011	0.2359246
0.1348005	0.6609596
-0.1404707	-0.4815692
0.01991663	-1.067035
0.4598381	-2.158202
-0.08173035	-0.616638
-0.2940055	-0.1080588
0.1292622	-1.480365
0.1416352	1.589714
-0.1270348	-0.3351036
-0.08278631	-0.1812545
0.1053984	-0.6317165
0.506252	-0.9042773
-0.1122565	-0.2157013
0.3393433	-0.5435558
0.1469653	-0.5122031
-0.5025458	-1.043962
0.4019768	0.6857258
0.2250646	-0.4741478
-0.1832412	0.06775569
-0.2644033	0.8868004
0.04417223	0.4563553
-0.3103079	0.6491093
0.2759147	-0.9997335
-0.04825032	-0.9954744
0.1198525	1.112837
0.5622057	-1.337843
-0.01945353	-0.1343831
-0.0999999	-0.5625026
-0.5734192	-0.1515813
0.1164405	0.2709952
0.4494321	1.309983
-0.02692392	0.7324607
-0.2494347	1.659216
-0.1354499	-1.059023
0.006707983	-1.044289
0.06434939	-2.469878
0.8719372	0.7822462
0.1261892	-0.1435682
-0.1148705	2.645262
-0.1286925	2.128914
0.1822101	0.6990537
-0.4586993	-0.9322674
-0.1668315	-0.05448257
0.03925825	1.323477
-0.1561321	0.7464294
0.6166009	-1.481914
0.075306	0.2420743
0.004220886	0.5251859
0.3958042	-0.1806062
-0.4167318	0.1300866
-0.3723977	-0.4002783
-0.1695223	1.358839
-0.05083102	-0.05923616
-0.2331	-1.148135
-0.07438589	0.5563093
0.04611448	-1.147709
-0.1815605	-2.524165
0.4563534	0.5427628
-0.2838765	-0.566929
-0.1399908	-1.889449
0.2630888	0.3024334
0.6486105	0.4812782
-0.4497499	2.31766
0.08003393	0.2092273
0.3501572	-1.865299
0.142725	-0.8796214
-0.1736369	0.5195619
0.1299003	-1.187877
0.1479564	0.5854523
-0.1494512	1.283594
-0.06290817	2.034343
-0.05146895	0.447964
0.67052	-0.1783746
0.6239141	-2.802594
0.1796734	0.5985103
0.2623257	-1.751327
0.2598729	-0.06197777
0.1505952	-0.1150922
0.2810787	0.126882
-0.002675103	0.907125
-0.1909989	1.104278
-0.5478413	0.6432713
-0.3961809	1.098512
0.2520105	0.9976226
0.3299077	-0.3283659
0.08502954	-1.199754
-0.3673655	0.2233996
0.7623713	-0.2157484
0.3325936	-0.01216749
0.413961	-1.057505
0.1496632	-0.5502188
0.1366043	0.3947266
0.8251475	-0.8385321
0.02142532	1.154272
0.1141316	-0.3757621
-0.1161295	0.2739226
-0.2977525	-0.3906164
-0.1782545	0.5557227
-0.03334007	-0.9751613
0.369296	-0.151692
0.4174913	-0.8886012
0.2148411	-0.4916583
0.2086107	-1.027159
0.2954253	0.6952611
-0.1585085	0.4134988
0.09200255	0.3069547
-0.09535598	-0.9892913
0.06874486	-0.1275384
0.1498119	-1.671296
-0.1478563	0.6349439
-0.3208177	1.091256
0.4174301	-0.9083367
0.007015322	-1.624147
0.0189561	0.2711297
0.1200425	-0.3622502
0.4514117	-1.013703
-0.1793363	0.00136023
0.0009920945	0.2669795
0.3989013	1.032632
-0.0936846	0.4017782
0.005226338	-1.560489
-0.09680473	1.154468
0.03240253	1.712244
-0.3418386	0.6832974
-0.5594833	0.3090982
0.4427029	1.354171
0.2027228	2.691744
0.337973	1.770576
0.4486172	2.175645
-0.3337687	0.2656277
0.08799465	0.61899
-0.2377878	-1.039482
-0.007103355	1.636063
0.03975087	-0.9346852
0.0205149	-1.296515
0.7027156	0.6037119
-0.0007888563	0.8991539
-0.5898926	0.01466288
0.07774338	0.3763928
0.08820785	-0.7533989
0.1195793	0.002805774
-0.3269385	2.523883
0.2565319	-1.265029
-0.3150771	0.1902334
0.2384606	2.647624
0.2158366	-1.185101
-0.0002263913	-1.317767
-0.0974037	-2.313899
-0.1601106	-0.5151282
0.2904801	-0.4954646
-0.2321275	1.29916
-0.3688604	-0.4851937
-0.211711	0.6006467
-0.04465178	0.008520336
-0.2037135	0.6790037
0.3096935	-0.8985159
0.4030173	-0.3413476
-0.2941067	-0.1519787
-0.3173335	-0.2317792
-0.2449736	0.4902292
0.2019313	-1.060675
-0.03993816	0.5628446
-0.09483806	0.009138704
0.4044526	-0.02689026
0.264587	0.2677659
-0.5733474	-0.5167781
-0.1264352	-0.0614761
0.2683358	-0.2110857
0.007937114	0.4191316
-0.5488728	0.4440232
-0.5386893	0.09249256
0.2565009	0.2015527
-0.4769832	-0.5442821
-0.02329796	0.1185247
-0.02893053	-0.9850638
0.322326	-0.4411917
0.2462427	-1.126613
0.3380424	0.06679243
0.1383369	1.010871
-0.01912419	1.331949
-0.2415175	-0.8444129
-0.5549322	-0.3783238
0.02520815	-0.6787937
-0.6784275	-0.3195183
-0.2080776	0.2370986
-0.1433384	0.5441335
0.171846	0.7295521
-0.3081045	0.1429821
-0.0180816	-0.675168
0.03523986	-1.153199
-0.113148	0.5991978
0.3248326	-1.3726
0.5014581	0.4613423
0.3246801	0.6105388
0.5056319	-0.4418024
0.6678321	-1.125829
0.2260198	-0.5049833
0.1626361	0.3823889
0.1283193	-0.1002501
-0.2092191	0.07541914
-0.3358551	-0.3174084
-0.176461	-0.3730993
-0.4162622	0.0001120743
-0.1161287	-0.06875329
0.05589857	-0.2731425
0.4731121	-0.2962262
-0.06534434	0.08868289
0.04854843	0.4417508
-0.09002117	0.3758106
0.1220932	0.9757281
-0.0456653	-1.331743
0.4450938	-0.153798
0.06922716	-1.624176
-0.1733425	0.2020381
0.7238812	-0.3829435
-0.5049353	-0.2193765
0.474612	-1.516341
0.03200712	1.826343
-0.1934732	-0.6551257
0.09944231	0.5044613
-0.2120293	-0.3792993
-0.3058014	-2.072132
-0.2156503	-2.119561
0.05891818	-0.7466187
-0.06789897	1.355277
0.4363471	1.330582
-0.01499635	-0.5031679
0.2715217	-0.9412726
-0.1841301	0.9091893
-0.1199925	1.215632
0.2894811	0.5283479
-0.2675414	0.1736622
-0.1298405	-0.5983418
0.5104209	-0.9622679
0.4186118	-0.03566562
-0.3746124	-0.7405949
-0.122032	-0.1833239
0.4001736	-0.2684653
0.556174	1.374883
0.2207762	0.7728191
-0.0009148374	1.247011
-0.5557503	-0.801343
-0.0009006468	-0.7429676
0.1387259	-0.06960719
-0.4807477	-0.09102654
0.4446612	-0.3660052
0.04460928	-0.1105364
0.223826	0.3396367
0.1029493	-0.9610075
-0.1891958	0.0612501
0.1829993	0.7765422
-0.1181452	0.09160736
0.2674564	-0.7214669
-0.2599327	-0.5460961
0.2697952	0.7118084
0.2158729	-1.003228
0.01125209	0.7242966
-0.0893074	-0.9890726
-0.1443403	-0.1127752
0.2835311	-1.837274
0.5207661	-0.01009562
0.465629	-0.0009773607
-0.2079233	0.8327408
-0.3949132	1.605579
-0.214104	-0.1471465
-0.126218	1.008241
-0.01608473	0.9413859
0.5976436	0.9992925
-0.4677356	0.4475216
-0.002632199	-1.549635
-0.05349295	0.8183071
0.3289206	0.6570903
-0.1308432	-0.05649689
0.3508586	-0.3624142
0.08797911	0.2843823
0.5125655	-1.14363
-0.1400179	0.2339915
-0.2162088	-0.1476935
-0.3668885	-0.2532431
0.1536142	2.252212
0.02352177	-1.010852
-0.1928297	0.9602914
0.2539756	-0.02418161
-0.07366872	0.9208381
0.2135031	0.9073234
-0.1700642	0.4313877
-0.03878405	1.931195
-0.204472	0.4362808
-0.1507396	-0.7510141
0.160526	0.5394192
0.006910295	-1.094418
0.06058528	1.124622
-0.1307273	0.3821154
0.04944103	0.1422625
0.5382953	0.1725472
-0.4104416	-0.3323697
-0.4990294	-1.352809
0.2172984	-0.2652546
-0.09211935	0.9074068
0.2288077	0.1189701
-0.1347591	1.886047
0.5442697	0.7975916
0.1836144	0.4653314
-0.06822467	-0.6746358
0.8366152	-0.6168442
-0.03615919	-2.120571
0.02524133	-0.643743
0.5677031	0.4504002
0.2110175	1.314687
-0.008384412	0.7434985
-0.4269577	0.2047121
0.1933941	1.27542
0.1447354	-0.5180416
-0.1159926	1.029608
0.5322621	-0.5885867
-0.4543995	0.329916
0.1599054	-1.242645
-0.307347	-1.799544
0.122071	-0.7631972
-0.01389226	0.03360776
-0.5249464	-1.731696
0.03271514	2.576099
0.2096113	0.5355145
0.3140776	-0.3943752
0.08584983	0.6874559
-0.2501197	1.599547
0.14253	-0.4994241
0.4743556	0.3591052
-0.6590211	-0.8453146
0.06141548	0.5409359
0.06659563	-2.354951
0.2567207	-0.5067267
0.2977309	0.6052895
0.40599	0.1288506
-0.1601711	-2.258077
-0.179933	0.2758613
0.2649417	0.1669768
0.02923517	1.039258
-0.04090885	0.2979462
-0.3395213	0.1251957
0.2685996	0.5334933
0.01312853	-2.316627
0.4120282	-0.6448272
-0.150146	2.518842
0.3353802	1.121968
0.004016299	-0.5461172
0.0735669	0.4200022
0.4648197	-0.3218672
0.7352804	-0.3054226
0.1956395	0.8885423
0.02166704	-0.5536201
-0.2561017	1.073381
0.04032276	-0.3535097
-0.09818813	-1.223398
-0.6989471	-1.029625
0.2395639	-1.106241
0.5159683	0.03958677
-0.09471114	-1.9821
0.07664791	0.8108363
-0.5390071	-1.110653
-0.5141617	-0.3974581
0.1350038	1.654268
0.1339069	-0.07178348
0.01614832	1.53621
-0.2943824	-1.796269
-0.04254523	-0.2428496
0.05577144	-1.088938
-0.2369522	1.110578
-0.2513552	0.04068566
0.4296754	1.721152
-0.1074012	-0.7200755
0.1393675	-0.3911662
-0.01071445	-0.856232
0.2227809	-0.1322933
-0.1367628	-1.074693
0.2839653	-0.09840249
-0.6359623	2.653422
0.04977578	-0.221322
-0.1199206	-0.2293331
-0.09940688	0.6797482
-0.1251497	-0.6344126
0.4373205	-0.9669093
-0.08044588	-0.8432146
0.2798122	0.08149172
0.07279912	-1.627828
0.4697667	-0.9995104
0.3255269	2.348496
-0.4336008	1.956727
-0.05345133	0.7636964
0.4313929	1.525498
0.3400957	0.8915504
-0.3743944	1.839636
-0.05601386	0.07784066
-0.2623622	0.5611449
-0.103753	1.330539
-0.2593245	0.3661538
-0.3061587	1.91033
-0.09827923	0.7466562
-0.03053194	-0.1840002
0.03115875	0.6742825
0.1415621	-0.2030543
-0.4157229	1.545616
0.02293416	1.089871
0.02923178	0.5552588
-0.2260248	-0.894108
0.3575098	-1.281091
-0.4045562	-0.8704169
0.001764214	-1.632413
-0.3720916	-0.2933963
-0.1081084	1.776991
0.4917973	-0.1946845
0.05898745	-0.8156577
-0.3967208	0.5035157
0.4730112	1.567807
-0.2850467	2.502013
-0.4558922	-1.041758
-0.4882392	0.5392647
-0.5142673	-2.062821
0.1365863	0.237833
0.04394561	0.3506745
0.1993317	0.8968486
0.1392405	-1.176297
-0.5247556	0.7417406
0.4722164	-1.863093
0.2707343	-0.3673175
0.2023138	1.084347
-0.08453816	-0.691796
0.0460207	1.045064
-0.3300273	-3.662024
-0.5703016	-0.6522309
0.005053231	0.4292881
0.1946953	-0.8028659
-0.4126739	1.456427
0.3243124	-0.3781634
0.3972036	1.57229
0.2201587	2.814234
0.3055428	-0.07371345
-0.1215063	0.8858588
0.06525482	-0.4312122
-0.3213121	-1.12332
0.05078523	-0.3562883
0.00406817	-0.4544132
0.7163774	0.0186679
0.004151411	0.7010723
0.03731026	0.2866647
-0.2848971	0.6073674
0.1146027	-1.009346
0.02208274	-0.6847474
-0.05962281	-0.5179311
-0.1552137	0.7402763
-0.1304087	0.3380409
-0.5857727	-2.571279
-0.1751447	0.7772213
0.03621099	0.6728784
-0.07566522	-0.9750646
0.07350917	-1.446958
0.1273584	1.05403
0.2617452	0.08553999
0.04782028	0.3477896
0.4471331	0.6880276
0.0593721	-1.513252
-0.1502835	-0.3422411
-0.1856634	0.1597922
-0.4990167	-1.544794
0.357034	0.7925144
0.467254	-0.9061612
-0.0544387	-0.881062
-0.0671041	0.2993081
-0.5152878	1.335118
-0.3560708	0.3106983
0.3455219	1.183048
-0.2352637	-0.3273564
-0.06965597	0.5524731
-0.04575775	-1.204346
-0.3469403	-1.946641
0.3863751	1.253398
0.2352161	0.7501689
0.1877833	-0.1768368
0.1297711	-0.6959661
0.2048917	0.297042
-1.045645	0.5286182
-0.1553064	1.572572
0.497291	-0.9283042
-0.1911476	-0.5958098
0.07206206	-0.7346016
-0.2488726	1.137139
0.3241867	0.2835471
-0.5339838	-0.3190067
0.3893264	-0.2788915
-0.256544	-2.265729
-0.05871141	0.03347337
-0.630359	-0.7251685
0.6064871	-1.570408
0.4394662	-0.9633472
-0.1376828	-1.938311
0.196143	-0.6447444
-0.1527755	1.857145
0.1315317	-0.310766
-0.5953549	0.08319783
-0.1456931	1.590061
-0.05067007	-0.04503264
-0.3806843	1.106098
0.1990219	0.03877676
0.1797019	0.9126304
0.1967394	0.8076907
0.06563955	-0.1842642
0.3425318	-0.4431622
0.4681173	1.200819
-0.1577807	-1.575504
-0.2516561	0.08046556
0.1507565	-0.7198534
-0.1668518	0.07896467
0.3969335	1.932904
0.3181715	-0.3393626
-0.4051053	1.068286
-0.150634	-1.268708
-0.5276113	-0.624773
-0.004780765	1.583648
0.3646395	0.2085375
0.2244507	0.1243673
0.2740619	0.9008419
0.608299	-0.108902
0.151645	2.031642
0.1069023	-1.33127
0.2232947	-1.97365
-0.6056031	0.912971
0.9869742	-1.963479
0.5841833	-1.647457
-0.296801	-1.802025
0.2606161	-0.4444201
0.7086767	0.3733133
0.6864011	-0.1344732
0.1952271	1.304614
-0.01278509	-0.8073498
-0.2606068	-0.2502897
-0.1281168	-0.2401435
0.03751853	-1.580978
-0.5310632	-0.1138566
-0.392442	0.1001329
0.05024824	-0.7932116
0.1115761	0.5610947
0.05998707	-0.09609334
-0.08431677	0.877449
-0.03510083	-1.296763
0.02977628	-1.441527
-0.4787682	0.3361664
-0.2465371	-1.14278
0.02256477	-1.595092
-0.3398165	-1.245334
0.1954491	-1.634864
-0.1717882	-1.978823
-0.4739696	-0.8005137
-0.05432332	-0.1946623
0.4513138	0.3156891
0.184943	-0.4037088
0.1148858	1.532289
-0.5028058	-0.770329
0.6448834	-0.3812284
-0.3177499	-0.592888
-0.07234658	-1.646227
0.5579091	1.588178
0.3445524	0.4976155
0.06874513	-1.132808
-0.3528542	-1.683951
-0.2381655	1.563423
-0.05232049	-0.7125479
-0.3076746	0.1730569
0.4106958	-0.03948881
0.1411639	-1.263011
0.4216439	-0.8288337
-0.1607714	0.7259349
-0.1915891	-1.011778
-0.33459	-0.3957127
-0.04296383	-0.9272566
-0.5079693	0.4902519
-0.1257296	0.2088537
-0.3177338	-0.4637053
-0.4862697	-0.4819696
-0.1130291	-1.842668
0.3000646	0.5536459
0.2511126	1.263863
0.1107106	-0.4354449
-0.007563477	0.04538989
0.2396547	0.01675156
-0.5952275	0.2317816
0.4520638	1.044787
-0.1344713	0.3407308
-0.4729175	1.854965
0.01830386	0.5124484
-0.0005676793	-0.6651643
0.5863839	-1.105369
0.044715	0.9104104
-0.6502894	-0.1176799
-0.1023123	1.302062
-0.3946511	0.2856986
0.1132813	0.7138478
-0.4062334	0.8282943
-0.435746	-0.2576305
-0.2976203	2.203007
-0.2292362	-0.7436962
0.3639518	1.060159
-0.09338826	-0.8738126
-0.07754034	-0.3311356
0.2893079	0.3320239
-0.3298947	0.6132943
1.928441	0.4349362
1.127764	-0.190524
0.8929178	-0.7469959
1.781572	-0.1088293
1.132425	0.01852013
3.016155	0.241952
2.371865	-0.6829403
0.9004262	0.3227291
0.2671474	-0.6233768
1.986665	-0.4776415
1.14317	-0.155913
1.194865	0.3890194
2.080588	-0.3293245
1.80261	-0.09577533
0.713043	-0.3943862
-0.05143031	0.5891371
1.169643	-0.5158815
1.10752	0.3314818
0.812753	-0.4081597
0.5846471	0.358175
2.064843	0.03648294
1.218835	-0.7847291
0.8351308	-0.1628004
1.067896	-0.3651755
3.013356	-0.2600437
1.988144	0.01121929
0.835887	0.07537345
1.492636	0.269802
-0.1626158	-0.3393678
0.3081167	0.2794868
1.327108	0.001165817
1.795692	0.2201102
1.322259	0.228573
3.536211	0.2806717
2.222715	-0.1063018
1.227724	-0.1614631
2.273879	-0.2327801
0.163664	0.1946277
-0.1529024	0.2259091
0.5084077	-0.1224276
1.831986	0.188867
0.4156917	0.2428023
0.02923382	-0.1396353
1.654798	0.2879664
0.5889897	0.537621
2.075929	-0.1934097
2.101018	0.3515201
-0.5191412	-0.4347649
0.6455886	0.1650237
0.9572709	-0.1721495
1.405561	0.00472029
1.177043	0.1128398
2.479522	-0.2402738
-0.07059146	-0.298767
-0.06741114	0.2978525
1.82109	0.3896417
2.031911	-0.1998094
0.8380777	0.1462329
0.2598815	-0.1872475
0.0281642	-0.01693707
-0.1349111	0.00206821
0.1470155	-0.1761792
0.8739645	-0.3035962
1.892781	0.01032442
1.709442	0.3419647
0.6992274	-0.0969671
1.709399	-0.09084789
0.2702899	0.01248669
1.734864	-0.2913448
0.5024739	-0.4816431
1.768513	-0.04157016
0.8689334	0.1249463
1.126063	-0.2078147
1.460307	0.1628259
-0.03415686	0.2016158
1.398633	-0.1418621
1.471919	-0.05862379
0.8587654	-0.05390782
1.500627	-0.4864102
0.3858821	0.2855614
0.4058606	0.1758739
-0.5261152	0.171986
0.8967669	-0.3598357
0.04794888	-0.2782102
1.200232	0.3254053
0.9920486	-0.1372639
-0.1568463	0.2221532
0.2675844	0.1666764
2.432538	0.6441517
-0.8767664	-0.1818204
0.8493311	0.1920176
0.9886464	-0.2315939
1.459986	-0.3548272
1.886161	-0.1251488
1.403903	0.790082
0.659154	-0.002754092
0.4006781	0.04322085
0.03200258	-0.4854333
1.918588	0.4622428
0.1906893	-0.214658
1.471405	-0.308614
-0.6508434	0.1952192
1.124028	-0.03907195
0.4920102	-0.3699533
0.8541984	-0.4430055
1.13057	0.2358069
-2.455201	0.3557787
1.18611	-0.01737645
-1.288929	-0.2169858
2.333635	0.3355514
-2.435881	-0.1910667
0.8205548	-0.06202133
1.083256	0.8058025
2.963878	0.06708835
0.4202661	0.1353355
1.492774	-0.3377544
2.881589	-0.4078268
1.148856	-0.1237963
0.6271369	-0.2780602
1.935066	0.2584311
0.1064134	0.7418516
-0.324894	0.202988
2.53071	0.1204147
2.69567	-0.1403876
2.083195	0.06448906
0.9891006	0.2970679
1.026701	0.4860442
2.224206	0.2669489
2.896435	0.01437758
0.3123923	-0.4039469
1.658118	0.08138724
0.9825981	0.2434736
1.980735	-0.1579603
0.8092302	0.2823913
0.4860769	0.4348087
0.4372248	-0.04033477
-0.5523607	-0.3669803
-1.177507	-0.04985632
-0.2442929	-0.07653628
-1.235527	-0.5659133
0.8065534	0.1938374
1.981284	0.2592017
-0.01661411	0.2334418
1.388374	0.1299615
1.137047	0.09329594
0.8926872	-0.7280724
0.6810873	0.08480745
1.304201	-0.0514443
1.697986	-0.2707234
2.385106	-0.1119315
1.203368	-0.190057
2.665926	0.1600313
1.838192	-0.1766286
0.8915568	0.006220271
0.5906449	0.2585854
3.176834	0.2665257
0.04743046	0.688028
0.7516415	0.509481
0.7526874	0.1261698
-0.218682	-0.1262908
-0.16226	-0.2377479
-1.121411	0.2482049
1.109132	-0.4799403
0.7878735	0.2822515
1.156177	0.1990611
1.731081	-0.1181744
1.189984	0.04639053
0.6495675	-0.5640604
0.6155168	-0.04026156
0.2314183	-0.04247706
0.3015393	0.2952828
-0.1102541	0.03967585
0.1247932	0.3143246
1.473065	-0.1741029
2.384708	-0.2568515
-1.203789	0.3215941
1.818244	-0.2859267
0.1580747	0.1536794
1.492134	0.2987435
0.8989375	0.2083395
1.344978	-0.0410611
2.758341	-0.381375
1.647184	-0.3435716
-0.3636393	0.2871542
0.7376014	0.03287813
1.219653	0.5779326
-0.1886066	-0.238655
0.3499534	-0.02626903
1.850712	0.1447669
0.07647337	-0.3691223
-0.1829853	-0.1648066
1.322375	0.3167901
2.948346	-0.1516623
2.041274	0.4067101
0.06724025	0.4468141
1.161463	-0.428732
2.195756	0.02681238
-0.1545975	-0.1206474
0.5720996	0.1714992
0.4153433	0.5765424
1.57124	-0.6230338
2.175588	-0.4429251
-0.7949883	0.05114917
1.351061	0.1759345
0.6248043	0.08888644
0.9032059	0.3990721
0.4972023	-0.1140811
0.6320773	-0.1572628
1.213266	0.4287693
0.2153543	0.3416104
0.2849476	-0.1595844
-1.149711	0.4325818
-0.1466005	0.3145925
1.981632	0.1990753
0.1239672	-0.08057627
0.5958566	0.1033377
0.7569495	0.1245969
0.6732269	-0.4463266
1.574732	0.4017223
2.304399	-0.05797535
0.02572164	-0.06745879
1.833405	-0.6898007
0.9365549	-0.1518779
1.128004	-0.08116077
1.321103	-0.03140898
0.7604368	0.4511806
0.5528137	0.4387954
3.105191	-0.2597104
0.6191757	0.2115111
1.978303	-0.3840868
0.8796597	-0.01045997
-0.8512635	0.0340542
0.3712044	-0.1980255
0.965854	-0.02615768
-0.4660342	0.2974408
1.546588	-0.158834
1.17774	0.1056555
-0.5511326	-0.2466489
1.567325	0.120765
1.188014	-0.1782377
0.9178018	-0.4136238
1.603387	0.1975534
0.8851079	0.3904331
0.07777283	-0.2144296
2.565671	-0.1033214
2.339221	0.4086088
1.391028	0.4198618
-0.510158	0.1584912
1.688396	-0.2534484
-0.4181433	-0.2036391
0.4375012	0.2255618
0.8249211	-0.28666
2.046885	-0.06452902
-0.7257018	0.5950932
0.9690641	-0.08139802
0.9480759	-0.3354168
0.9694807	-0.3144428
0.05556102	0.02669412
0.8578729	-0.8265384
2.128547	0.1083298
0.9488921	0.267585
3.500839	0.09477248
0.9929906	0.1653998
2.044444	0.2452387
0.813839	-0.06114829
1.544614	0.2141327
1.916736	0.4261136
0.7601018	0.08418263
0.6670095	-0.04759731
0.7600625	-0.1435398
0.2147624	0.4573738
0.6751231	-0.2135773
1.246259	-0.01420383
2.557703	0.0572716
1.228301	0.2775524
2.180025	-0.4527457
1.645668	-0.1564366
-1.445744	-0.3314292
1.351785	0.2234562
0.464218	0.06919322
3.262925	-0.1249899
-0.03459571	-0.2449323
1.972109	0.04977509
1.102473	0.4572324
0.6891992	0.009159522
2.241695	0.4944519
2.36902	0.006873815
0.07373377	-0.1603363
1.189359	-0.219309
0.6071171	-0.01199638
1.408044	-0.06692175
1.58141	0.4703098
2.478905	0.2759966
1.467128	0.2572234
2.190117	-0.01020256
-0.4472507	0.2499865
0.6614812	0.03756
1.274242	0.07656935
0.5123163	0.2415749
1.150695	0.08040944
1.554167	-0.2547854
2.360493	0.07345969
0.7425531	-0.4775492
0.599928	-0.04836956
0.1073802	0.05424032
0.3530793	-0.3660517
0.1832402	-0.6342852
1.35532	-0.0853979
-0.2730515	-0.2479465
0.6047475	0.09352971
0.4748123	-0.3929924
2.42731	-0.5012127
1.507432	0.3648096
0.06785269	0.09461433
0.5018612	-0.1048563
-0.1547761	-0.3821113
1.621925	-0.4498105
1.270266	0.3874461
-0.2546807	-0.6727869
-0.04473155	-0.008202852
2.488961	-0.3724377
0.4139549	0.3231885
1.143443	-0.5525872
0.7318813	0.04659625
0.4202058	0.1893818
1.750755	-0.2387397
1.315773	-0.2549738
1.468264	-0.3347684
1.084541	-0.2035813
1.237425	0.3723653
0.7401168	0.07702897
2.445415	0.1253605
1.746071	0.01876005
1.343413	-0.1743916
1.960056	-0.3762344
0.1893693	0.04525775
0.03972148	0.01470668
2.05367	0.3873352
-0.8400005	0.4963157
-0.1218076	-0.2736155
-0.4977645	0.1223035
-0.1511942	0.5486247
1.161215	-0.06756296
1.97733	-0.1099957
1.075074	-0.1816057
2.820443	-0.5033527
0.7538855	-0.05090839
0.8683212	-0.5454526
2.225844	-0.1894749
0.6523124	-0.2616725
-0.4461093	0.09664724
2.806286	-0.5274428
-0.9143681	0.5622093
-0.01625826	0.3667244
0.07098759	-0.001222114
2.230769	0.2131274
-0.124223	0.2300494
1.252758	0.7559232
1.458919	-0.1722644
0.07320436	-0.01631283
1.807061	-0.1689946
-0.2048422	0.26611
0.404636	0.3152184
1.701657	0.3828872
0.8427904	-0.3579481
1.740805	0.1324202
2.803555	0.47688
0.4168054	-0.4350122
2.336896	-0.3188119
-0.6542731	-0.006953316
0.1243411	-0.2404529
0.2858665	-0.05819604
0.9274076	0.3570282
1.796801	0.0243491
2.580024	0.2151032
3.101066	0.08709687
3.683238	0.1035737
1.708409	0.04927226
1.842208	0.05586353
0.6823452	-0.5311904
0.1005279	0.5325682
3.27384	0.04242127
0.05274699	0.1206435
1.14202	-0.353503
1.451539	-0.09862082
1.37565	0.2808456
2.205998	0.2039695
0.6807678	-0.2451924
1.095744	-0.316717
0.4633278	0.2878796
2.686649	-0.2972075
1.495574	0.02736278
1.856268	0.2895185
-1.71005	-0.002802301
2.094766	0.5529852
1.126996	-0.2305889
0.1528743	-0.1858798
0.3963586	-0.7971635
1.135569	-0.2310322
-0.1281151	-0.2155266
1.482976	0.4699269
2.079274	0.1990459
-0.03061435	0.2307312
1.286521	0.1385471
1.723219	0.2332641
0.02561979	-0.0681441
1.636387	-0.3963922
-0.7611934	0.02601476
1.171855	0.1483947
-0.2457745	0.188047
-0.4521131	-0.09116864
2.104523	-0.3359984
1.647235	-0.2666016
1.284067	0.07718033
0.436667	-0.03997605
2.012348	-0.3222228
1.388492	-0.4457482
1.190899	0.003963881
1.412569	0.5450943
2.209064	-0.1430871
1.078664	-0.0581366
1.295365	-0.0951136
-1.28056	0.1581011
-0.4416401	-0.1778914
0.1318442	-0.006294644
0.6065688	0.1862468
0.6687904	-0.2039381
1.535332	-0.1363003
1.172908	-0.04826888
0.08327195	-0.6518817
-0.6110905	0.1945568
2.458043	0.0530947
0.3955488	0.3771371
-0.03591205	-0.1051714
0.2830445	-0.1518953
0.01789735	-0.5026462
2.4352	-0.4167181
-1.000457	0.4652976
2.019845	-0.002819946
1.88077	0.03111591
1.327339	0.06147274
-0.3157597	0.6408891
1.095159	0.04140346
0.9236984	-0.08554265
0.9305273	0.09624884
1.934861	-0.1397846
0.7913785	-0.5705425
1.742232	-0.02106636
0.8081661	0.1611106
0.0040325	0.3685431
0.4320105	0.1218448
1.619041	-0.1675068
0.8286836	0.3121331
1.088388	0.206807
1.506586	-0.089266
2.105754	-0.2375769
1.856291	0.04500925
0.8884108	0.0002896091
1.763867	0.1184095
-0.04096869	-0.2784831
1.554152	-0.2799308
0.5716236	-0.1578112
1.073507	-0.135474
-0.1950448	0.08746335
0.8344942	-0.2648808
1.481614	-0.3364203
-0.3002965	-0.3360299
2.344724	-0.08321877
1.634098	0.5179644
0.8038621	-0.4604253
1.973538	-0.2335795
-0.7210467	-0.2412336
0.5392292	-0.06909997
-0.1870034	-0.2477819
1.266232	0.1225096
0.2768319	0.03057633
0.4050511	-0.2486191
0.3405398	-0.1585081
-0.1135749	0.3952497
0.7418089	0.009293667
0.4218722	-0.167426
1.94158	0.202205
0.2359619	-0.2394604
2.157251	-0.08708426
0.08644651	0.2635215
1.397189	0.7641369
1.010972	0.6875502
1.620542	0.6141129
1.789273	-0.03278728
-0.6252127	-0.8471842
0.9579978	0.04711529
1.565563	-0.7236678
0.7068963	-0.5028728
1.346571	-0.4008432
0.8654954	-0.06836551
2.095549	-0.4469918
1.502819	-0.1676902
0.03380885	0.2253057
2.341999	0.5718526
0.5309777	-0.1584317
0.1926604	0.5293895
1.313521	-0.58472
-0.8609401	-0.01234488
3.132383	0.2272767
1.709256	0.3932399
0.6335426	-0.2613954
1.741469	-0.358297
0.190926	0.07050567
1.137558	0.1530313
0.4307158	-0.1555581
0.6620346	0.07168649
0.8850448	0.07293354
0.9693035	0.03785738
0.6175539	-0.3155687
0.0100503	-0.01303552
-2.10921	-0.3491343
2.466252	0.1255878
2.495622	0.3490373
1.891911	0.5263199
0.9090094	-0.5796502
-1.103893	-0.3557371
0.4686513	0.4381107
2.361376	0.8894044
1.429117	0.2122816
0.1282343	-0.5591749
0.2137485	0.699322
1.711892	-0.1243871
0.7080464	0.03333929
-0.06104749	-0.09208363
1.477566	-0.003931857
0.136576	0.2221025
0.3676995	0.3694914
0.6281161	0.2160465
1.926525	-0.2361996
0.8348005	-0.3953697
3.087824	0.7066606
0.6575745	-0.7219693
1.26928	0.2685803
1.287824	0.1315555
0.07316001	0.1509032
1.065363	-0.04084054
1.358615	-0.5424646
3.314281	-0.1800757
1.183303	-0.3689544
1.309153	-0.2710576
1.521364	0.1251918
2.294251	-0.4057882
1.531832	0.4023351
-0.1941356	0.53737
0.5375625	-0.1491648
-0.1573384	0.01766511
0.4304701	0.02032308
0.6217646	-0.2535177
1.239004	0.3600974
0.3208966	0.5460068
-0.8325965	-0.3504284
0.06265209	-0.4087858
0.5001928	0.09139454
2.39461	-0.133142
-0.2129726	-0.6327484
1.135328	-0.2156171
-0.4840337	-0.1690704
1.696906	0.2209109
-0.152762	0.3036172
1.675479	-0.06152421
-0.9216093	0.09411101
0.6630772	-0.2206011
0.4652304	0.2539048
1.389311	-0.6764191
0.8849164	0.4177377
2.563754	0.4179964
0.7895946	0.232567
0.8980668	-0.2342099
0.827276	-0.03894899
1.369705	-0.09416604
1.741548	0.5901898
1.14356	0.4690596
1.659955	-0.309828
0.9686361	0.5662256
-0.3534664	-0.3248115
0.4854583	0.2302168
1.573033	0.0397386
0.989784	0.6956844
0.05212543	-0.1142696
0.400408	0.1006812
0.7795317	-0.3040159
0.5581517	0.1466353
0.4362376	-0.3367912
2.851345	-0.4077247
2.619165	-0.01972537
-0.3487739	-0.5512175
2.093042	-0.32064
1.742632	0.01009831
1.913018	-0.5556306
1.176972	0.1264644
1.411928	-0.1064307
-0.4136392	0.02369919
1.073392	-0.117255
0.6894765	-0.2377731
1.812051	-0.3394076
-0.6848187	-0.2031819
1.963951	-0.03148149
2.54284	0.3343583
2.04322	0.08540748
1.762	0.3160141
1.186585	0.2730502
1.854571	0.1330772
1.746121	-0.1728969
0.4856209	-0.1820436
1.717522	0.1527654
1.746658	-0.300183
0.06986813	0.1129427
0.5267295	0.04944377
1.057179	0.05938844
1.348012	-0.1157318
1.964305	-0.03436596
0.7771852	0.06969771
1.45915	-0.2504379
-0.6451438	-0.338201
0.9874472	-0.1739173
0.9609104	-0.2292662
0.1776555	0.5213079
1.279763	0.6541124
2.874868	0.1514398
0.1678965	-0.02331545
1.028319	-0.4152516
-0.1309737	0.3810949
-0.580933	-0.429644
0.2094526	-0.3451714
0.5290963	0.02831654
2.029167	-0.02088438
3.705605	-0.344987
0.9325008	0.06632716
1.282629	-0.2895601
0.447199	0.3383335
2.278097	-0.8675719
3.353686	0.1642121
1.172285	0.4861628
0.5442068	0.1240514
1.901077	-0.03992935
0.9051289	0.2056514
0.6375838	-0.2166245
2.237414	-0.2633208
1.179282	-0.5796254
0.3256955	-0.2467088
1.668775	-0.4122276
1.137793	0.5578648
-0.01765846	0.2742587
2.417436	-0.03629688
-0.2529701	-0.169165
0.2293665	-0.0783131
0.6072869	-0.1299144
-0.4249145	-0.04057297
1.097466	0.01265912
0.8185175	-0.1457737
-0.3556973	-0.1197632
0.1641031	-0.2098458
-0.09327542	-0.1362013
-0.2463602	0.109089
0.02726038	-0.1893725
1.245035	0.06342427
1.148341	0.3709617
0.5930079	0.2349764
1.919864	-0.0801345
2.338786	-0.2617314
0.8829868	-0.02473035
0.9935105	-0.08811505
0.9449166	0.4720419
2.356823	-0.4375412
-0.6520216	-0.4705798
1.893422	0.3524264
2.482043	-0.6151491
0.9348826	0.05719383
0.6149465	-0.4358585
1.411035	-0.01868215
2.420542	-0.07751171
-1.257411	0.2430479
1.37844	0.07478884
1.209555	-0.3323823
0.7901472	0.1823273
0.2264701	-0.3859818
-0.06999725	-0.03035274
2.72602	0.09767939
1.006924	0.2317595
1.14021	0.1557539
2.807127	0.02203071
1.146812	0.2632483
0.9721198	0.5007831
1.150306	0.1115232
1.154225	-0.1232227
0.2439842	0.3676869
-0.2448234	-0.4623669
0.9627543	-0.1766869
2.203958	0.1720757
0.9177632	0.1759222
-0.414869	-0.3828091
0.7094491	-0.5993434
0.7948458	-0.8609023
-1.263187	0.180161
0.7598236	-0.1761541
-0.4662835	0.4975854
1.575634	0.04112278
0.9238744	0.3027222
0.3517533	-0.1543573
2.357946	-0.1497863
0.5068476	-0.07360545
-0.3108837	0.2115927
1.707282	0.1592194
1.254912	0.1623026
-1.885391	0.1473323
0.4305199	-0.2209936
1.273011	-0.2402714
1.121318	0.03825621
1.283568	-0.1146344
0.9296487	-0.08057407
1.864032	0.03329283
2.254549	-0.1201547
-0.1931628	-0.2896767
3.627678	-0.2360464
0.8709018	0.162258
-1.050039	0.6509907
-0.5017299	0.1753233
0.8297871	0.2342666
0.5061867	-0.1491391
1.661562	-0.1451833
1.097098	0.1379516
0.7825129	0.157954
0.02574835	-0.1207494
1.850216	0.2116271
1.395001	0.2320909
0.7881662	-0.4142109
-0.08756969	-0.3837494
-0.1602825	-0.5836603
1.540338	-0.1135994
-0.5798327	0.237442
0.3215321	-0.01967125
-0.2557976	-0.6383513
0.1306727	-0.1546065
-0.330847	0.002163604
1.586994	-0.1757766
1.566463	0.3189585
-0.472006	-0.1889283
0.5546695	0.2450701
1.880087	-0.5608482
1.265243	0.06223145
2.094886	0.03220393
0.1125407	-0.3696593
1.242055	-0.3445308
1.366768	0.2483172
-0.2891555	0.3320321
0.6095695	0.1029751
0.4715916	-0.3596526
-0.7257179	0.02891161
3.046158	0.08416878
2.375508	0.4152416
1.101988	0.405093
-0.07561758	0.2670887
2.088338	0.2828945
1.888199	-0.1046588
2.861843	-0.7744806
1.875628	0.2782159
1.190096	0.03521287
1.667341	-0.3891958
1.313562	-0.1433753
2.327143	0.1278241
1.975301	0.05715096
0.6865068	-0.1320123
0.2088473	-0.6563506
-0.4540937	-0.4186049
-0.3157851	0.04452008
1.20685	-0.04844053
0.298668	-0.07558534
2.039302	-0.1340374
1.430937	-0.3547659
0.8687714	-0.1736707
0.6255067	-0.2708963
1.233096	0.4601978
-0.3835058	0.2987776
2.166811	0.07680913
-0.4478497	-0.06627672
-0.2460448	0.299214
2.958097	0.2537189
0.3345682	-0.4862018
2.451787	0.1825903
2.127516	-0.07348847
1.202097	-0.02223799
1.07592	0.4159315
-0.02272065	0.01380381
1.987874	0.5398397
1.325206	0.1745178
1.775019	0.2688596
2.288103	0.2973829
0.8440693	0.551533
0.7730657	0.2292258
0.1661612	0.4719176
0.3434628	0.3884908
-0.1838215	-0.1795768
0.570622	0.03240491
3.320675	0.3923181
0.9978292	0.05261485
2.530871	0.07119437
0.7247723	0.04970882
2.214838	-0.05133801
1.01943	-0.04572983
1.463817	0.5040682
0.4507052	0.1479406
1.223806	0.3981011
1.030647	-0.15234
3.122775	-0.2250538
2.209706	0.3995941
0.6129245	0.0495885
0.9878036	0.1450539
0.7135738	0.4629697
0.171582	0.4872316
2.623113	-0.2769895
1.591289	-0.1460126
0.5106705	-0.4085041
1.062855	-0.1178767
1.145385	0.01410194
0.8358273	-0.07597097
2.079499	0.006331115
1.603117	-0.2921909
-0.5526362	-0.5903003
1.135403	-0.4398996
1.752105	0.2459426
2.006314	-0.06665244
1.643834	-0.0002682927
0.728054	-0.2341192
1.792352	0.2130221
0.1629302	-0.1698864
2.306374	-0.2437497
0.6603924	0.1865738
1.495809	0.3588669
0.4850357	0.08734625
1.718199	0.1924885
1.254932	-0.7039791
1.383168	-0.1767868
1.458172	-0.1973585
0.4831211	-0.1067385
0.2805416	-0.6595744
1.433404	-0.445573
1.487025	0.5951564
2.364088	-0.04808337
-1.001051	-0.4621203
-0.1956945	-0.2687169
1.621496	-0.2651362
-0.9367953	-0.4459713
1.572314	-0.2207517
1.423104	0.088577
0.8865232	0.1350207
2.336846	0.1383879
0.9826313	-0.1014759
1.532097	-0.5171679
1.221543	0.442424
0.6384625	-0.303809
0.6646781	0.1696161
1.02894	0.06406609
0.1984616	-0.08269767
1.556768	-0.1743985
-0.799375	0.042134
2.225715	-0.1487853
0.652656	-0.04676169
1.040188	0.007627175
2.039045	-0.03464338
1.142881	0.07923465
1.003571	0.2021748
2.238444	-0.06716492
2.12647	0.0114126
2.677302	0.1569186
0.5144778	0.04776082
2.226034	0.4753573
1.052909	0.1958264
2.104148	-0.3023087
1.969724	0.5083198
-0.5240068	-0.2803186
0.9982274	0.3062562
0.9964952	0.1394238
0.1651847	-0.3681051
1.902133	0.2631826
1.24919	0.1567857
0.7116147	-0.5077454
0.5669796	0.1041893
1.30031	0.2573261
0.09410173	-0.1724604
2.559247	0.1894309
2.499919	0.644677
3.311414	0.03319538
2.207816	-0.04658292
0.5179945	-0.1970044
0.9862594	0.5063815
1.096639	-0.3722375
2.637216	0.0662079
0.1492011	0.01790073
1.497788	0.5233394
1.730203	0.02177084
-0.7347198	0.1519075
0.4910727	0.01515098
3.74403	0.1046541
0.3080437	0.155421
-0.1550238	-0.007944611
0.7741283	-0.09234134
0.7400276	-0.5766388
-0.5141924	-0.01411622
0.6629394	-0.1459573
2.643918	0.04934646
0.6260953	-0.1002907
1.77393	-0.0785412
-1.075177	0.0202104
0.8806215	-0.2986812
0.7815089	0.5202513
-0.9575065	-0.5177289
0.2903239	0.3265361
0.01492514	0.1054926
1.129372	-0.2328173
0.8451932	0.1483824
-0.2879463	0.2102484
1.34681	-0.1566433
1.811566	0.3055918
1.682053	0.2298817
-0.1873168	0.4066813
1.050961	0.3197848
0.9832579	0.3814456
0.2822216	-0.1002767
0.5726046	0.1593663
1.284105	-0.504467
2.067221	-0.03640632
0.4770576	0.07726711
0.2445903	0.2428759
0.6914712	0.4289623
1.406306	0.1557436
3.122164	0.09964118
1.647788	-0.1695478
2.723739	-0.2760581
1.74352	-0.2240267
2.099955	0.1589135
-0.303992	0.1234805
1.76648	0.21291
3.043302	-0.05833233
0.8536335	-0.2275622
1.523122	-0.08253221
1.375084	-0.02594614
0.9861679	-0.006703395
1.421822	-0.491869
1.220581	0.04690606
1.093306	-0.04311035
0.3059975	0.2582994
1.482737	-0.49987
-0.3840915	0.4048689
0.9398137	0.1961391
1.617142	0.2567266
2.32677	0.1060241
-0.5890246	-0.2812631
1.764229	-0.09152542
2.109285	0.3318258
2.379262	-0.1958361
-0.4213835	-0.04967034
0.2448355	0.3747757
0.4713106	0.3238034
0.8846434	0.01587806
-0.2967711	-0.5215143
1.661242	-0.2148632
0.1903829	-0.1716495
0.9897998	-0.1165035
1.081311	-0.4477815
0.9708211	-0.3162153
-0.4290046	0.3034236
3.773656	-0.06441704
1.760406	-0.5796471
-0.448867	0.1667804
1.852825	-0.1925843
1.204664	-0.2470524
1.044418	-0.03190751
0.1599381	-0.395602
1.943125	0.4460534
2.429546	-0.008424571
1.115176	-0.1805316
0.1401856	-0.08467436
-0.0350878	-0.4319293
2.171767	-0.2074407
0.4249735	0.2207308
1.86774	0.4597872
2.914508	0.3763117
1.740973	-0.06205867
0.5328193	-0.07392461
0.1939927	0.1682556
0.1723516	0.3541475
0.5016625	-0.2581567
-0.285568	-0.2041181
0.1577683	0.02658439
2.105936	-0.3198297
0.9245511	0.281044
1.541053	-0.08407704
0.6788489	-0.03779077
0.09813351	0.1108022
0.9696376	-0.3328843
2.255952	0.2275877
1.015082	0.03717572
1.146848	-0.6070385
0.0556308	0.1350063
-0.8903812	0.4715813